0              0.24                8.16                39.22               
1              0.65                8.96                1.31                
2              1.59                11.36               2.09                
3              3.32                13.76               3.1                 
4              5.58                16.88               3.91                
5              7.72                19.36               4.35                
6              9.74                22.0                4.52                
7              11.99               23.76               4.93                
8              14.28               25.68               5.42                
9              16.47               27.28               5.55                
10             18.5                29.2                5.66                
11             20.28               30.48               5.87                
12             22.0                32.24               6.04                
13             23.67               34.0                6.19                
14             24.91               35.76               6.42                
15             26.38               37.6                6.82                
16             27.92               39.44               6.97                
17             29.19               40.4                7.16                
18             30.44               41.28               7.52                
19             31.85               42.4                7.85                
20             33.03               43.12               8.04                
21             34.37               43.28               8.16                
22             35.29               45.04               8.25                
23             36.22               47.44               8.48                
24             37.09               48.48               8.66                
25             37.94               49.84               8.89                
26             38.96               50.24               9.16                
27             39.99               51.12               9.33                
28             40.81               51.52               9.63                
29             42.14               52.16               10.13               
30             43.01               52.88               10.21               
31             43.9                53.2                10.43               
32             44.46               53.52               10.37               
33             44.86               54.48               10.52               
34             45.19               55.44               10.61               
35             45.68               55.76               10.73               
36             46.19               56.72               10.67               
37             46.78               56.56               10.77               
38             47.29               57.28               10.82               
39             47.91               58.4                11.09               
40             48.29               58.72               11.07               
41             48.44               59.36               11.25               
42             49.29               60.24               11.57               
43             49.76               61.76               11.73               
44             50.57               62.24               11.77               
45             51.23               63.36               12.15               
46             51.76               63.6                12.23               
47             52.17               63.92               12.29               
48             53.08               64.08               12.42               
49             53.81               64.32               12.5                
50             53.76               64.56               12.53               
51             54.57               64.96               12.97               
52             54.88               65.68               12.77               
53             55.34               66.0                12.8                
54             55.54               65.84               12.87               
55             55.81               66.48               12.88               
56             55.84               67.44               12.92               
57             56.22               67.92               13.18               
58             56.74               68.64               13.05               
59             57.07               69.36               13.19               
60             57.5                69.04               13.3                
61             57.61               69.6                13.5                
62             58.38               69.52               13.9                
63             58.98               70.88               13.81               
64             59.32               71.68               13.84               
65             59.71               71.76               13.92               
66             60.06               73.44               13.96               
67             60.6                73.76               14.14               
68             61.47               74.24               14.14               
69             61.35               75.52               13.84               
70             61.72               76.88               14.52               
71             62.49               76.88               14.65               
72             63.18               78.0                14.94               
73             63.85               78.32               15.11               
74             64.76               78.88               15.49               
75             65.03               79.92               15.31               
76             65.64               80.56               15.51               
77             66.04               79.92               15.47               
78             66.31               79.76               15.53               
79             66.82               81.68               15.6                
80             67.4                81.84               15.93               
81             67.7                82.32               15.86               
82             67.78               83.84               15.83               
83             68.21               84.16               16.11               
84             68.86               85.44               16.25               
85             69.87               85.44               16.35               
86             70.37               86.48               16.43               
87             70.78               87.6                16.67               
88             71.41               88.0                17.06               
89             71.93               88.56               16.99               
90             72.36               88.64               17.14               
91             73.07               89.84               17.39               
92             73.67               90.08               17.42               
93             74.04               90.56               17.47               
94             74.68               91.68               17.74               
95             75.3                92.0                18.03               
96             75.62               93.2                18.04               
97             76.57               93.84               18.25               
98             76.84               93.28               18.09               
99             76.8                94.32               18.11               
100            77.15               94.4                18.64               
101            77.76               95.44               19.02               
102            78.51               96.0                18.85               
103            78.55               96.56               18.89               
104            79.23               97.44               19.39               
105            79.76               97.68               19.2                
106            80.26               98.24               19.41               
107            80.6                98.88               19.37               
108            80.81               99.44               19.53               
109            81.33               100.0               19.71               
110            81.66               100.4               19.78               
111            82.41               101.76              19.98               
112            82.47               102.32              19.89               
113            83.15               102.88              20.18               
114            83.14               103.2               20.45               
115            84.29               103.44              20.9                
116            84.66               104.64              20.81               
117            85.94               104.56              21.02               
118            86.25               105.12              21.0                
119            86.84               105.68              21.05               
120            86.91               106.32              21.11               
121            86.77               106.56              21.3                
122            87.62               106.8               21.72               
123            87.84               106.64              21.5                
124            87.94               106.96              21.51               
125            88.18               108.0               21.87               
126            88.87               108.64              21.9                
127            89.14               108.64              21.64               
128            89.29               108.72              21.74               
129            89.24               109.36              21.92               
130            89.44               111.2               22.26               
131            90.02               111.12              22.34               
132            89.9                111.2               22.25               
133            90.78               112.08              22.57               
134            91.2                113.2               22.77               
135            91.27               113.04              22.79               
136            92.04               113.92              23.06               
137            92.24               114.72              23.14               
138            92.9                116.32              23.26               
139            93.34               116.24              23.43               
140            93.63               118.16              23.24               
141            94.15               118.72              23.53               
142            95.09               118.72              23.89               
143            95.43               118.96              23.96               
144            95.97               120.72              24.37               
145            96.75               120.16              24.63               
146            97.98               120.16              24.79               
147            97.83               120.48              24.25               
148            98.65               122.0               24.74               
149            99.32               121.6               24.76               
150            99.5                122.48              24.82               
151            99.89               123.36              24.97               
152            99.86               122.48              24.91               
153            99.94               122.48              25.05               
154            100.03              122.72              25.29               
155            100.66              122.72              25.38               
156            100.73              122.8               25.1                
157            100.74              123.36              25.29               
158            100.23              125.6               25.27               
159            101.0               125.68              25.61               
160            101.59              126.8               25.79               
161            102.38              126.32              25.95               
162            101.95              126.4               25.5                
163            102.39              126.32              26.07               
164            103.38              128.0               26.21               
165            103.58              127.36              26.17               
166            104.16              128.0               26.33               
167            104.27              127.68              26.33               
168            104.52              128.24              26.3                
169            104.61              128.24              26.21               
170            104.69              128.4               26.41               
171            104.74              128.96              26.37               
172            105.45              129.6               26.68               
173            105.05              131.28              26.37               
174            105.28              131.28              26.69               
175            106.1               131.84              26.95               
176            105.65              131.84              26.48               
177            106.26              131.92              26.95               
178            106.54              131.6               27.14               
179            106.85              132.32              27.35               
180            107.75              133.04              27.19               
181            107.64              133.6               27.22               
182            107.58              133.6               27.64               
183            108.4               133.6               27.95               
184            108.7               134.16              27.72               
185            108.9               135.28              27.76               
186            109.26              134.96              28.04               
187            109.41              134.8               27.84               
188            109.56              135.84              27.7                
189            110.09              136.08              27.99               
190            110.16              136.64              27.87               
191            110.35              136.64              28.18               
192            111.06              136.64              28.2                
193            111.04              137.2               28.33               
194            110.83              137.76              28.25               
195            111.56              137.84              28.83               
196            111.86              137.28              28.57               
197            111.99              139.04              28.57               
198            112.04              139.12              28.37               
199            111.9               139.92              28.58               
200            112.37              139.92              28.98               
201            112.35              142.16              28.76               
202            113.5               143.84              29.35               
203            113.25              143.84              29.04               
204            113.94              144.4               29.61               
205            114.22              144.64              29.44               
206            114.62              144.72              29.68               
207            115.15              144.72              29.81               
208            115.63              145.84              30.14               
209            116.09              145.84              30.44               
210            117.07              145.84              30.78               
211            117.25              145.84              30.74               
212            117.47              146.4               30.51               
213            117.81              145.84              30.54               
214            118.8               145.84              30.82               
215            118.0               145.92              30.33               
216            118.86              145.92              30.97               
217            118.38              145.92              30.57               
218            118.53              146.72              30.71               
219            118.27              146.64              30.81               
220            118.4               146.96              30.76               
221            119.02              146.96              30.57               
222            118.86              147.04              30.62               
223            119.14              147.04              30.98               
224            118.25              147.6               30.52               
225            119.01              147.6               31.14               
226            118.99              148.4               30.93               
227            119.81              148.96              30.73               
228            120.19              149.52              30.85               
229            120.18              150.08              30.57               
230            119.95              150.08              31.04               
231            119.93              150.64              31.32               
232            120.2               150.64              31.44               
233            120.95              150.64              31.36               
234            120.94              150.64              31.4                
235            121.34              150.64              31.21               
236            121.29              150.88              31.28               
237            121.32              150.88              31.38               
238            120.9               150.88              31.84               
239            121.73              150.88              32.02               
240            121.98              152.56              31.54               
241            121.92              151.44              31.88               
242            122.2               152.0               31.53               
243            122.55              152.56              31.5                
244            121.81              152.48              31.46               
245            122.48              153.12              31.89               
246            123.03              153.12              31.78               
247            123.42              153.12              31.65               
248            123.49              153.12              31.64               
249            123.79              153.12              31.82               
250            123.65              153.12              31.9                
251            123.9               154.24              31.7                
252            123.82              154.24              32.04               
253            123.21              154.48              32.08               
254            124.08              154.48              32.61               
255            123.37              154.48              31.99               
256            123.43              154.48              32.43               
257            124.06              154.56              32.55               
258            124.16              155.12              32.31               
259            124.51              155.68              32.52               
260            124.48              156.24              32.25               
261            124.8               156.24              32.5                
262            125.05              155.68              32.38               
263            125.17              156.56              32.52               
264            125.36              156.8               32.61               
265            125.14              157.36              32.38               
266            125.42              156.88              32.77               
267            125.64              156.88              32.79               
268            126.14              156.88              32.66               
269            125.96              158.24              32.79               
270            126.18              158.48              33.0                
271            126.58              158.72              32.66               
272            126.94              158.48              33.09               
273            126.79              158.48              32.97               
274            127.36              158.48              32.97               
275            127.5               158.72              33.29               
276            127.64              159.84              33.53               
277            127.53              160.4               33.45               
278            127.51              159.84              33.19               
279            128.09              159.84              33.9                
280            128.27              159.84              33.47               
281            128.5               160.96              33.32               
282            128.64              160.4               33.67               
283            128.86              160.4               33.34               
284            128.36              160.64              33.33               
285            128.77              161.2               33.5                
286            129.05              161.76              33.38               
287            129.8               161.2               33.73               
288            129.6               161.76              33.21               
289            129.45              161.76              33.45               
290            128.92              161.76              33.54               
291            128.87              162.32              33.51               
292            128.83              162.32              33.89               
293            129.72              162.88              34.15               
294            129.95              163.44              33.98               
295            130.31              163.44              33.99               
296            130.59              164.0               33.94               
297            130.65              164.0               34.23               
298            130.7               164.0               33.84               
299            130.97              164.0               33.81               
300            131.31              164.0               34.24               
301            131.25              164.0               34.34               
302            131.62              164.72              34.7                
303            131.41              164.72              34.39               
304            130.76              165.12              34.3                
305            131.55              165.12              34.77               
306            131.59              165.68              34.6                
307            131.64              165.68              34.04               
308            132.61              165.68              34.61               
309            133.06              165.68              34.47               
310            131.99              165.68              34.28               
311            132.18              165.76              34.55               
312            132.12              166.32              34.75               
313            132.32              166.32              34.71               
314            132.13              166.32              34.79               
315            132.38              166.32              34.71               
316            133.15              166.32              34.97               
317            132.94              167.12              34.55               
318            132.9               167.36              34.68               
319            133.09              167.6               34.96               
320            133.41              168.16              35.02               
321            134.45              168.16              35.17               
322            133.72              168.24              34.86               
323            133.83              168.24              35.2                
324            133.92              168.24              34.76               
325            133.94              168.8               35.15               
326            134.78              168.8               34.98               
327            134.95              168.8               35.18               
328            134.9               168.8               34.96               
329            135.28              169.92              35.18               
330            134.94              169.92              34.9                
331            135.38              170.48              35.26               
332            135.31              171.04              35.36               
333            135.61              170.48              35.59               
334            135.05              170.48              35.61               
335            135.12              170.48              35.64               
336            136.14              171.04              35.98               
337            136.27              171.04              35.82               
338            136.0               171.6               35.53               
339            136.28              171.6               35.87               
340            136.21              171.04              35.51               
341            136.51              171.6               35.71               
342            136.68              171.6               35.62               
343            136.53              171.6               35.5                
344            136.23              171.6               35.49               
345            136.96              172.16              35.87               
346            136.96              171.6               35.47               
347            137.19              171.6               35.79               
348            137.07              171.6               35.79               
349            136.92              172.16              35.88               
350            136.75              172.16              35.79               
351            137.6               172.16              36.01               
352            137.25              172.16              35.74               
353            137.9               172.16              35.86               
354            137.74              172.16              35.64               
355            137.39              172.16              35.95               
356            137.85              172.16              35.69               
357            137.27              172.16              35.59               
358            138.0               172.16              35.77               
359            137.96              172.16              35.82               
360            137.32              172.16              35.77               
361            137.02              172.16              36.18               
362            137.28              172.72              36.0                
363            137.3               172.4               35.65               
364            137.37              172.96              36.07               
365            137.34              172.96              35.73               
366            137.59              174.08              36.0                
367            137.99              173.52              36.03               
368            137.73              173.52              35.65               
369            137.84              173.52              36.13               
370            137.72              173.52              35.82               
371            137.55              174.64              35.83               
372            138.19              175.2               36.23               
373            139.03              175.2               36.05               
374            138.68              175.76              35.83               
375            138.82              176.32              36.42               
376            138.75              176.32              36.3                
377            138.89              176.32              36.63               
378            138.48              176.32              36.25               
379            139.03              176.32              36.74               
380            139.8               176.88              37.05               
381            140.07              176.88              36.72               
382            140.17              176.88              36.81               
383            140.44              177.44              36.87               
384            140.58              177.44              36.68               
385            140.61              177.44              36.53               
386            140.66              177.44              36.77               
387            140.53              178.0               37.09               
388            141.24              178.0               37.09               
389            140.37              178.0               36.87               
390            140.5               178.56              37.06               
391            140.62              178.56              37.31               
392            141.13              178.56              36.88               
393            140.65              178.56              36.94               
394            140.93              179.12              37.06               
395            141.24              179.68              37.34               
396            141.23              179.12              37.26               
397            141.61              179.12              37.23               
398            141.42              179.68              36.93               
399            141.32              179.68              37.23               
400            141.53              179.68              37.39               
401            142.04              179.68              37.19               
402            141.96              180.24              37.28               
403            142.14              180.24              37.47               
404            142.85              180.8               37.19               
405            142.49              179.68              37.35               
406            142.53              179.68              37.41               
407            142.15              179.68              37.04               
408            142.99              179.68              37.41               
409            142.79              180.24              37.27               
410            142.56              180.24              37.26               
411            142.83              180.24              37.37               
412            142.66              180.24              37.38               
413            142.85              180.24              37.36               
414            142.72              180.24              37.5                
415            142.71              180.24              37.47               
416            143.41              180.24              37.63               
417            143.44              180.8               37.44               
418            143.1               180.8               37.41               
419            143.62              180.8               37.32               
420            143.48              180.8               37.54               
421            143.55              180.8               37.71               
422            143.05              180.8               37.35               
423            143.52              180.8               37.74               
424            143.27              181.36              37.7                
425            143.77              181.36              37.68               
426            143.36              180.8               37.47               
427            143.31              180.8               37.48               
428            143.16              181.36              37.47               
429            143.18              181.36              37.93               
430            143.63              181.36              37.92               
431            143.35              181.36              37.45               
432            142.81              181.92              37.68               
433            142.98              181.92              37.38               
434            142.38              181.92              37.72               
435            143.12              182.48              37.67               
436            143.93              182.48              37.69               
437            143.84              182.48              37.53               
438            144.62              182.48              38.07               
439            144.97              183.04              37.89               
440            144.18              183.04              37.63               
441            144.53              183.04              37.92               
442            144.48              183.04              38.2                
443            144.04              183.04              37.91               
444            143.81              183.04              38.11               
445            144.33              183.04              38.32               
446            145.14              183.04              38.24               
447            146.0               183.04              38.07               
448            145.5               183.04              37.65               
449            145.11              183.04              37.78               
450            144.76              183.04              37.96               
451            144.69              183.04              37.98               
452            144.42              183.04              37.59               
453            145.17              183.04              37.91               
454            145.22              183.04              37.86               
455            144.54              183.04              37.82               
456            144.01              183.04              38.19               
457            144.51              183.04              38.6                
458            145.33              183.04              38.48               
459            145.42              183.04              38.04               
460            146.28              183.04              37.97               
461            145.45              183.04              37.48               
462            145.76              183.04              38.21               
463            145.32              183.6               37.84               
464            144.86              183.04              37.83               
465            145.05              183.04              38.19               
466            145.28              184.16              37.75               
467            145.1               184.16              38.11               
468            144.55              184.16              38.12               
469            144.71              184.16              37.95               
470            145.12              184.16              38.33               
471            145.03              184.16              37.63               
472            144.51              184.72              38.03               
473            144.5               184.72              38.09               
474            145.69              184.72              38.36               
475            145.08              185.28              37.93               
476            144.85              184.72              38.12               
477            145.29              184.72              38.29               
478            145.78              184.72              38.5                
479            146.01              184.72              38.4                
480            146.44              184.72              38.17               
481            145.68              184.72              38.08               
482            146.0               184.72              38.78               
483            145.8               184.72              38.16               
484            145.62              184.72              38.36               
485            145.39              184.72              38.77               
486            145.57              185.28              38.86               
487            146.11              185.28              38.68               
488            145.77              185.28              38.34               
489            145.8               185.28              38.43               
490            146.58              185.28              38.5                
491            146.79              185.28              38.45               
492            146.58              185.28              38.51               
493            146.8               185.28              38.56               
494            146.35              185.28              38.58               
495            146.09              185.84              38.24               
496            146.15              185.84              38.54               
497            146.05              185.84              38.29               
498            146.88              185.84              38.54               
499            147.11              185.84              38.58               
500            146.83              185.28              38.29               
501            147.45              185.28              38.61               
502            146.08              185.84              38.17               
503            146.81              185.28              38.64               
504            147.04              185.28              38.48               
505            145.74              185.28              38.26               
506            146.79              185.28              38.79               
507            145.98              185.28              38.25               
508            146.19              185.84              38.68               
509            146.65              185.84              38.38               
510            146.21              185.84              38.01               
511            145.98              185.84              38.6                
512            145.98              185.84              38.65               
513            146.13              185.84              38.48               
514            146.39              185.84              38.4                
515            146.57              185.84              38.63               
516            146.31              185.84              38.61               
517            146.36              185.84              38.83               
518            146.5               185.84              38.52               
519            147.4               185.84              38.85               
520            146.84              185.84              38.38               
521            147.38              185.84              38.8                
522            147.2               185.84              38.46               
523            147.3               185.84              38.58               
524            146.93              185.84              38.56               
525            147.59              186.4               39.06               
526            146.51              186.4               38.46               
527            147.29              186.4               38.85               
528            146.76              186.4               38.3                
529            146.67              186.4               38.48               
530            146.88              186.4               38.6                
531            147.27              186.4               38.51               
532            146.89              186.4               38.22               
533            146.29              186.4               38.44               
534            146.69              186.4               39.17               
535            145.74              186.4               38.41               
536            146.36              186.4               39.13               
537            146.79              186.4               38.82               
538            146.94              186.4               38.62               
539            147.15              186.4               38.72               
540            147.17              186.4               38.85               
541            147.26              186.4               38.69               
542            147.09              186.4               38.42               
543            147.58              186.4               39.01               
544            146.9               186.4               38.54               
545            146.32              186.4               38.66               
546            146.54              186.4               39.18               
547            147.59              186.4               39.37               
548            146.65              186.4               38.58               
549            146.59              186.4               39.08               
550            146.19              186.4               38.98               
551            146.89              186.4               39.0                
552            146.59              186.4               38.54               
553            146.14              186.4               38.52               
554            146.72              186.4               38.86               
555            148.02              186.4               38.96               
556            148.19              186.4               38.21               
557            148.05              186.4               38.14               
558            147.22              186.96              38.27               
559            146.39              187.52              38.46               
560            147.22              187.52              38.91               
561            147.62              187.52              38.99               
562            147.58              187.52              39.07               
563            148.04              187.52              38.87               
564            147.83              187.52              38.9                
565            147.91              187.52              38.84               
566            147.76              188.08              38.93               
567            147.7               187.52              38.99               
568            147.69              187.52              39.09               
569            147.08              187.52              38.93               
570            147.75              187.52              39.4                
571            147.59              187.52              39.24               
572            148.07              187.52              39.37               
573            147.86              187.52              38.67               
574            147.98              187.52              38.82               
575            148.18              187.52              38.71               
576            148.15              187.52              38.72               
577            148.69              188.08              39.0                
578            148.2               188.08              38.59               
579            148.12              187.52              39.21               
580            147.93              187.52              38.84               
581            147.68              188.64              39.0                
582            147.74              188.64              39.24               
583            148.23              188.64              39.23               
584            148.11              188.64              39.38               
585            147.86              188.64              39.16               
586            148.13              188.64              39.27               
587            148.37              188.64              39.45               
588            148.6               188.64              39.1                
589            148.58              188.64              39.1                
590            148.7               188.64              39.19               
591            148.1               188.64              39.1                
592            148.71              188.64              39.53               
593            149.31              188.64              39.25               
594            148.73              188.64              38.69               
595            148.68              188.64              38.93               
596            149.21              188.64              39.25               
597            149.81              188.64              39.37               
598            148.76              188.64              39.19               
599            148.49              188.64              39.67               
600            148.12              188.64              38.92               
601            148.8               188.64              39.04               
602            148.95              188.64              39.26               
603            148.89              188.64              38.54               
604            149.02              188.64              38.98               
605            149.32              188.64              38.9                
606            148.85              188.64              39.37               
607            149.16              188.64              39.39               
608            148.78              188.64              38.65               
609            149.09              188.64              39.34               
610            148.57              188.64              39.16               
611            148.04              188.64              39.21               
612            148.51              188.64              39.36               
613            147.92              189.2               39.01               
614            148.51              189.2               39.13               
615            149.55              189.2               39.36               
616            149.28              189.2               39.24               
617            149.66              189.2               39.2                
618            149.34              189.2               38.99               
619            149.29              189.2               39.05               
620            149.41              189.2               39.34               
621            149.24              189.2               39.21               
622            149.4               189.2               39.07               
623            149.37              189.2               39.59               
624            149.5               189.2               39.58               
625            149.64              189.2               39.28               
626            149.98              189.2               38.85               
627            149.69              189.2               38.88               
628            149.64              189.2               38.99               
629            149.42              189.2               38.9                
630            150.15              189.2               39.15               
631            149.36              189.2               38.7                
632            149.26              189.2               39.0                
633            149.49              189.2               39.57               
634            148.9               189.2               39.33               
635            148.4               189.2               39.5                
636            149.02              189.2               39.59               
637            149.77              189.2               39.4                
638            149.19              189.2               38.84               
639            149.35              189.2               39.11               
640            149.5               189.2               39.04               
641            149.3               189.2               39.05               
642            149.0               189.2               38.91               
643            149.08              189.2               39.27               
644            149.28              189.2               38.89               
645            148.9               189.2               38.97               
646            148.57              189.2               39.06               
647            149.62              189.76              39.41               
648            149.06              189.2               38.95               
649            149.17              189.2               39.25               
650            148.73              189.2               39.2                
651            149.1               189.2               39.2                
652            149.05              189.2               38.96               
653            149.16              189.2               39.18               
654            149.52              189.2               39.34               
655            148.74              189.2               39.4                
656            148.71              189.2               39.65               
657            148.49              189.2               39.22               
658            148.94              189.2               39.59               
659            148.73              189.2               39.09               
660            149.39              189.76              39.3                
661            148.7               189.76              39.14               
662            148.78              189.76              39.13               
663            148.96              189.76              39.35               
664            148.69              189.76              39.56               
665            149.07              189.76              39.38               
666            149.66              189.76              39.43               
667            149.92              189.76              39.19               
668            149.49              189.76              39.25               
669            148.84              189.76              39.84               
670            150.18              189.76              39.28               
671            150.77              189.76              39.25               
672            150.48              189.76              38.75               
673            149.94              189.76              38.99               
674            150.12              189.76              39.49               
675            150.12              189.76              39.4                
676            150.47              190.32              39.02               
677            150.75              190.32              39.07               
678            150.52              189.76              39.3                
679            150.6               189.76              39.49               
680            149.79              189.76              39.16               
681            149.64              189.76              39.08               
682            150.1               189.76              39.15               
683            149.82              190.32              39.1                
684            149.18              190.32              39.16               
685            149.38              190.32              39.99               
686            148.95              190.32              39.55               
687            149.56              190.32              39.63               
688            149.96              190.32              39.13               
689            149.74              190.32              39.09               
690            150.16              190.32              39.33               
691            150.91              190.32              38.91               
692            150.32              190.32              39.41               
693            150.11              190.32              39.48               
694            149.76              190.32              39.14               
695            150.06              190.32              39.24               
696            150.7               190.32              39.11               
697            150.14              190.32              39.7                
698            149.81              190.88              39.16               
699            150.14              190.88              39.44               
700            149.97              190.88              39.24               
701            150.53              190.88              39.58               
702            150.63              190.88              39.37               
703            150.35              190.88              39.41               
704            150.59              190.88              39.31               
705            150.45              190.88              39.62               
706            150.2               190.88              39.56               
707            150.18              190.88              39.19               
708            150.31              190.88              39.68               
709            149.82              190.88              39.54               
710            149.61              190.88              39.17               
711            148.88              190.88              39.58               
712            150.28              190.88              39.95               
713            150.53              190.88              39.7                
714            150.46              190.88              39.85               
715            150.03              190.88              39.56               
716            149.99              190.88              39.61               
717            149.37              190.88              39.77               
718            150.97              190.88              40.28               
719            150.01              190.88              39.17               
720            150.87              190.88              39.82               
721            150.59              190.88              39.5                
722            150.71              190.88              39.83               
723            150.71              190.88              39.41               
724            150.38              190.88              39.23               
725            150.38              190.88              39.66               
726            151.01              190.88              39.53               
727            151.02              190.88              39.61               
728            150.68              190.88              39.36               
729            150.68              190.88              39.96               
730            151.08              190.88              39.7                
731            150.1               190.88              39.61               
732            150.44              190.88              39.65               
733            150.26              190.88              39.44               
734            149.97              190.88              39.69               
735            150.84              190.88              39.65               
736            150.41              190.88              39.44               
737            150.33              190.88              39.56               
738            150.33              190.88              39.07               
739            150.16              190.88              39.75               
740            150.16              190.88              39.48               
741            150.01              190.88              39.61               
742            149.63              190.88              39.79               
743            149.82              190.88              39.97               
744            149.87              190.88              39.73               
745            149.98              190.88              39.63               
746            150.19              190.88              39.44               
747            150.09              190.88              39.76               
748            149.58              190.88              39.83               
749            149.94              190.88              39.5                
750            150.1               190.88              39.57               
751            150.14              190.88              39.94               
752            150.08              190.88              39.27               
753            149.94              190.88              39.76               
754            150.41              190.88              40.12               
755            150.75              190.88              39.59               
756            150.71              190.88              39.86               
757            150.73              190.88              39.45               
758            150.11              190.88              39.41               
759            150.75              191.44              39.68               
760            149.88              190.88              39.33               
761            149.82              190.88              39.81               
762            148.97              190.88              39.32               
763            149.4               190.88              40.13               
764            149.51              190.88              39.72               
765            149.62              190.88              40.06               
766            149.95              190.88              39.61               
767            149.91              190.88              39.48               
768            149.86              190.88              39.5                
769            149.8               190.88              39.61               
770            149.98              190.88              39.5                
771            150.59              190.88              39.94               
772            149.62              190.88              39.39               
773            150.1               190.88              39.87               
774            149.49              190.88              39.59               
775            150.4               190.88              40.05               
776            150.34              190.88              39.16               
777            150.16              190.88              39.5                
778            150.35              190.88              39.52               
779            150.39              190.88              39.65               
780            150.48              190.88              39.54               
781            150.04              190.88              39.53               
782            150.04              190.88              39.64               
783            150.6               190.88              40.11               
784            151.4               190.88              39.38               
785            150.17              190.88              39.31               
786            149.87              190.88              39.22               
787            150.04              190.88              39.8                
788            150.55              190.88              39.73               
789            150.16              190.88              39.4                
790            150.25              190.88              39.49               
791            150.8               190.88              39.6                
792            149.92              190.88              39.26               
793            150.0               190.88              39.78               
794            149.84              190.88              39.63               
795            150.73              190.88              39.45               
796            149.69              190.88              39.53               
797            149.94              190.88              39.84               
798            150.13              190.88              39.74               
799            150.34              190.88              39.87               

